0.0028026628817820532
0.0034722016307750674
0.0034722016307750674
0.0035457295030796093
0.0035457295030796093
0.0035457295030796093
0.004059250216652975
0.004059250216652975
0.004059250216652975
0.004059250216652975
0.004059250216652975
0.004351277764391111
0.004491957821069337
0.004491957821069337
0.004491957821069337
0.004491957821069337
0.004491957821069337
0.004491957821069337
0.004491957821069337
0.004491957821069337
0.004491957821069337
0.004491957821069337
0.004491957821069337
0.004491957821069337
0.004491957821069337
0.004491957821069337
0.004491957821069337
0.004491957821069337
0.004491957821069337
0.004491957821069337
0.004491957821069337
0.004491957821069337
0.004491957821069337
0.004491957821069337
0.004491957821069337
0.004491957821069337
0.004491957821069337
0.004491957821069337
0.004491957821069337
0.004491957821069337
0.004491957821069337
0.004491957821069337
0.004491957821069337
0.004491957821069337
0.004491957821069337
0.004491957821069337
0.004491957821069337
0.004491957821069337
0.004491957821069337
0.004491957821069337
0.004491957821069337
0.004491957821069337
0.004491957821069337
0.004491957821069337
0.004491957821069337
0.004491957821069337
0.004491957821069337
0.004491957821069337
0.004491957821069337
0.004491957821069337
0.004491957821069337
0.004491957821069337
0.004491957821069337
0.004491957821069337
0.004491957821069337
0.004491957821069337
0.004491957821069337
0.004491957821069337
0.004491957821069337
0.004491957821069337
0.004491957821069337
0.004491957821069337
0.004491957821069337
0.004491957821069337
0.004491957821069337
0.004491957821069337
0.004491957821069337
0.004491957821069337
0.004491957821069337
0.004491957821069337
0.004491957821069337
0.004491957821069337
0.004491957821069337
0.004491957821069337
0.004491957821069337
0.004491957821069337
0.004491957821069337
0.004491957821069337
0.004491957821069337
0.004491957821069337
0.004491957821069337
0.004491957821069337
0.004491957821069337
0.004491957821069337
0.004491957821069337
0.004491957821069337
0.004491957821069337
0.004491957821069337
0.004491957821069337
0.004491957821069337
