0.003212311407266595
0.0033502439379794013
0.0036987075047736923
0.003961197769080298
0.004026854094343539
0.004337153608122316
0.004610937239448752
0.004944306616679756
0.0050258669783511045
0.005157074915482539
0.005260081803991785
0.005561935629359536
0.005438236044240815
0.005644443869523207
0.0056571507032872285
0.005736322179755579
0.005739551911205292
0.005903447806524394
0.005903447806524394
0.005945855518919477
0.005999042930077611
0.005999042930077611
0.005999042930077611
0.006007269539348712
0.006064267370052884
0.006064267370052884
0.006064267370052884
0.006064267370052884
0.006064267370052884
0.006064267370052884
0.006064267370052884
0.006064267370052884
0.006064267370052884
0.006064267370052884
0.006064267370052884
0.006064267370052884
0.006205874909713026
0.006205874909713026
0.006205874909713026
0.006205874909713026
0.006205874909713026
0.0062733657869571595
0.0062733657869571595
0.0062733657869571595
0.0062733657869571595
0.0062733657869571595
0.0062733657869571595
0.0062733657869571595
0.0062733657869571595
0.0062733657869571595
0.0062733657869571595
0.0063436089531787405
0.0063436089531787405
0.0063436089531787405
0.00641277752011938
0.00641277752011938
0.00641277752011938
0.00641277752011938
0.0064830206863409606
0.0064830206863409606
0.0064830206863409606
0.0064830206863409606
0.0064830206863409606
0.0064830206863409606
0.0064830206863409606
0.0064830206863409606
0.0064830206863409606
0.0064830206863409606
0.0064830206863409606
0.0064830206863409606
0.0064830206863409606
0.0064830206863409606
0.0064830206863409606
0.0064830206863409606
0.0064830206863409606
0.0064830206863409606
0.0064830206863409606
0.0064830206863409606
0.0064830206863409606
0.0064830206863409606
0.0064830206863409606
0.0064830206863409606
0.0064830206863409606
0.0064830206863409606
0.0064830206863409606
0.0064830206863409606
0.0064830206863409606
0.0064830206863409606
0.0064830206863409606
0.0064830206863409606
0.0064830206863409606
0.0064830206863409606
0.0064830206863409606
0.0064830206863409606
0.0064830206863409606
0.0064830206863409606
0.0064830206863409606
0.0064830206863409606
0.0064830206863409606
0.0064830206863409606
