0.0030522610793278456
0.0037914122579377984
0.004178481716614461
0.004547545288812108
0.004843438812062112
0.005096903355334247
0.005096903355334247
0.005096903355334247
0.005125059922009546
0.005169933134869143
0.005180979987168812
0.005180979987168812
0.005221796506591154
0.005294583744906175
0.005423013770357954
0.005515751998910946
0.005516993350029023
0.0055924116589321
0.005659048969804263
0.005806230621322157
0.005937643279254656
0.00594343912272512
0.006003044294000323
0.006003044294000323
0.0060700825648672685
0.006135330695873607
0.006200012646559
0.006200012646559
0.006200012646559
0.006200012646559
0.006200012646559
0.006200012646559
0.006200012646559
0.006200012646559
0.006200012646559
0.006200012646559
0.006200012646559
0.006200012646559
0.006200012646559
0.006200012646559
0.006200012646559
0.006200012646559
0.006200012646559
0.006200012646559
0.006200012646559
0.006200012646559
0.006200012646559
0.006200012646559
0.006200012646559
0.006200012646559
0.006200012646559
0.006200012646559
0.006200012646559
0.006200012646559
0.006200012646559
0.006200012646559
0.006200012646559
0.006200012646559
0.006200012646559
0.006200012646559
0.006200012646559
0.006200012646559
0.006200012646559
0.006200012646559
0.006200012646559
0.006200012646559
0.006200012646559
0.006200012646559
0.006200012646559
0.006200012646559
0.006200012646559
0.006200012646559
0.006200012646559
0.006200012646559
0.006200012646559
0.006200012646559
0.006200012646559
0.006200012646559
0.006200012646559
0.006200012646559
0.006200012646559
0.006200012646559
0.006200012646559
0.006200012646559
0.006200012646559
0.006200012646559
0.006200012646559
0.006200012646559
0.006200012646559
0.006200012646559
0.006200012646559
0.006200012646559
0.006200012646559
0.006200012646559
0.006200012646559
0.006200012646559
0.006200012646559
0.006200012646559
0.006200012646559
0.006200012646559
